5 10 15 20 25 30 35 40 45 50 55 60 65 70 75 80 85 90 95 100
0.0596466996252 0.0595639198127 0.0595639250614 0.0595324555678 0.0595324575632 0.0595324575631 0.0635162667017 0.0595322029728 0.0595324575792 0.0595639270564 0.0595639250611 0.0595324555678 0.0595639270566 0.0595639250611 0.0595324555678 0.0595639270566
0.119210624686 0.119064905887 0.119127854113 0.119127850122 0.119064911136 0.119127854113 0.119127850122 0.119064911136 0.119064915126 0.119127854113 0.119127850122 0.119064911136 0.119064915126 0.127032533403 0.119064405946 0.119064915158
0.178806025227 0.178691769935 0.178597366704 0.17859737269 0.190548800105 0.178596608918 0.178597372738 0.178691781169 0.178691775183 0.178597366704 0.17859737269 0.190548800105 0.178596608918 0.178597372738 0.178691781169 0.178691775183
0.238244066329 0.238129823009 0.238255708226 0.238255700244 0.238129822271 0.238129830253 0.238255708226 0.238255700244 0.238129822271 0.238129830253 0.238255708226 0.238255700244 0.238129822271 0.238129830253 0.238255700244 0.238129822271
0.317695577566 0.297661009616 0.297662287896 0.297819635282 0.297819625305 0.297662277839 0.297819635283 0.297819625305 0.297662277839 0.297819635283 0.297819625305 0.297662277839 0.297662287816 0.317581333508 0.297661014864 0.297662287896
0.357497806396 0.381286411922 0.357193217837 0.357194745475 0.38109760021 0.357193217837 0.357194745475 0.38109760021 0.357193217837 0.357383562435 0.357383550367 0.357194733407 0.357383550367 0.357383550367 0.357383550367 0.357194733407
0.416841445004 0.444613859668 0.41672542081 0.416727203054 0.416947475428 0.416727188975 0.444613866913 0.41672542081 0.416727203054 0.444613866912 0.41672542081 0.416727203054 0.444834153365 0.41672542081 0.416727203054 0.444613866912
0.476372120435 0.476511409321 0.476511400489 0.476511400489 0.476511400489 0.476259644543 0.476511400489 0.476511400489 0.508381889561 0.476257623783 0.508130133743 0.476257623783 0.476511416581 0.508381889561 0.476257623783 0.476511416581
0.536158100114 0.536075320302 0.536075325551 0.536075325551 0.536075325551 0.536075325551 0.536075325551 0.536075325551 0.536358555937 0.536075312539 0.536075325551 0.571929625756 0.535789826755 0.536075343653 0.53607532555 0.536075325551
0.595722025176 0.635162641816 0.595636724619 0.595639250728 0.595639250612 0.595953951042 0.595953936584 0.635477347495 0.635160121071 0.595322029845 0.595953965615 0.595639250611 0.595639250612 0.635477361952 0.595636724617 0.595639250728
0.655317421726 0.655203170425 0.655549330243 0.655203159771 0.655203175674 0.655203175673 0.655203175673 0.655549346146 0.65520315977 0.655203175674 0.655549346146 0.693977104813 0.612637959779 0.617245467986 0.656459882252 0.642653273824
0.763564315691 0.714386372809 0.762951309968 0.762570620768 0.714386435814 0.714767124871 0.762846433229 0.714764052193 0.762572834482 0.714386435674 0.762195200614 0.714386435674 0.71438949095 0.714767124677 0.714767100733 0.714389466814
0.774445295792 0.774331020546 0.773921922382 0.773921948321 0.825711467122 0.773918638647 0.77392194853 0.77392194832 0.774331025794 0.773921922382 0.774331051735 0.774331025794 0.773921922382 0.773921948321 0.825711467122 0.773918638647
0.833568648155 0.833454398639 0.889227733824 0.833450841619 0.833454406109 0.83389497879 0.833894950855 0.83345437795 0.889227733825 0.833450841619 0.833454406109 0.83389497879 0.833894950855 0.83345437795 0.833454405884 0.833454405883
0.89354165048 0.892986828269 0.892986863448 0.952744000525 0.892983044592 0.892986863688 0.892986863446 0.952744000525 0.892983044592 0.892986863688 0.952744000525 0.892983044592 0.892986863688 0.893458905846 0.893458875916 0.892986833518
0.952633563073 1.01626025998 0.952515247565 0.952519321267 0.953022832903 0.953022800977 0.952519289085 0.952519321011 0.953022832903 0.953022800977 0.952519289085 0.953022832905 1.01676377912 0.952515247565 0.952519321267 1.01626026723
1.01216194719 1.01205177159 1.01205177857 1.07977653393 1.01204745054 1.01205177885 1.07977653393 1.01204745054 1.01205177885 1.01205177857 1.01258672604 1.01205174465 1.01205177857 1.01205177857 1.07977653393 1.01204745054
1.07169847847 1.07158422889 1.14329280063 1.07157965351 1.07158423643 1.07158423613 1.14329280063 1.0004375399 1.07215523401 1.07158419993 1.07215068702 1.0721506511 1.07158420022 1.07158423614 1.07215068702 1.0721506511
1.13123089985 1.13111668646 1.1311166937 1.13171461407 1.13171457616 1.13111665579 1.1311166937 1.13171461407 1.13171457616 1.13111665579 1.1311166937 1.20680906733 1.13111185648 1.131116694 1.20680906733 1.13111185648
1.19076339363 1.19127853388 1.19127850122 1.19064911136 1.19064915126 1.27032533403 1.19064405946 1.19064915158 1.19064915126 1.27032533403 1.19064405946 1.19064915158 1.19064915126 1.27032533403 1.19064405946 1.19064915158
