25 26 27 28 29 30 31 32 33 34 35 36 37 38 39 40 41 42 43 44 45 46 47 48 49 50 51 52 53 54 55 56 57 58 59 60 61 62 63 64 65 66 67 68 69 70 71 72 73 74 75 76 77 78 79 80 81 82 83 84 85 86 87 88 89 90 91 92 93 94 95 96 97 98 99 100
0.298238550347 0.297819599064 0.297819625307 0.297662277839 0.297662287816 0.297819635282 0.297819625305 0.297662277839 0.297662287816 0.317581333508 0.297661014864 0.297662287896 0.297819635282 0.297819625305 0.297662277839 0.297662287816 0.297819635282 0.297819625305 0.297662277839 0.297819635283 0.297819625305 0.297662277839 0.297662287816 0.317581333508
0.309590354789 0.30956877796 0.309568779328 0.309568768952 0.309568768953 0.309568779329 0.330284586849 0.309567455459 0.309568779412 0.309732420693 0.309732410318 0.309568768953 0.309568779329 0.309732420693 0.309732410318 0.309568768953 0.309732420694 0.309732410318 0.309568768953 0.309568779329 0.330284586849 0.309567455459 0.309568779412 0.309732420693
0.321661750243 0.321475259017 0.321475270841 0.342987840189 0.321473896053 0.321475270928 0.32147527084 0.321475260066 0.321475260066 0.321475270841 0.321645206105 0.32164519533 0.321475260066 0.321475270841 0.321645206105 0.32164519533 0.321475260066 0.321475270841 0.342987840189 0.321473896053 0.321475270928 0.321645206105 0.32164519533 0.321475260066
0.333404610766 0.355691092081 0.333380336648 0.333381762443 0.333557991516 0.333557980342 0.33338175118 0.333381762354 0.333557991516 0.333557980342 0.33338175118 0.333557991517 0.333557980342 0.33338175118 0.333381762354 0.355691093529 0.333380336648 0.333381762443 0.333381762353 0.333557991516 0.333557980342 0.33338175118 0.333381762354 0.333381762353
0.345487320267 0.345288241244 0.345288253866 0.345288253866 0.345288253866 0.345470776927 0.345470765354 0.345288242293 0.345288253866 0.36839434687 0.345286777242 0.345288253959 0.345470776927 0.345470765354 0.345288242293 0.345288253866 0.36839434687 0.345286777242 0.345288253959 0.345288253866 0.36839434687 0.345286777242 0.345288253959 0.345288253866
0.357217582218 0.357194732357 0.357194745379 0.357194745378 0.38109760021 0.357193217837 0.357194745475 0.38109760021 0.357193217837 0.357194745475 0.357383562339 0.357383550367 0.357194733407 0.357194745379 0.357383550367 0.357194733407 0.357194745379 0.38109760021 0.357193217837 0.357194745475 0.357383562339 0.357383550367 0.357194733407 0.357383562339
0.369312890292 0.369101223471 0.369101236892 0.36929634775 0.369296335379 0.369101224521 0.369101236892 0.36929634775 0.369296335379 0.369101224521 0.369296347751 0.369296335379 0.369101224521 0.369101236892 0.36929634775 0.369296335379 0.369101224521 0.369101236892 0.36929634775 0.369296335379 0.369101224521 0.369101236892 0.36929634775 0.369296335379
0.381030564446 0.381007726956 0.406504106891 0.381006099026 0.381007728507 0.381209133161 0.381209120391 0.381007715634 0.381209133162 0.381209120391 0.381007715634 0.381007728404 0.381209133161 0.381209120391 0.381007715634 0.381007728404 0.381209133161 0.381209120391 0.381007715634 0.381007728404 0.406504106891 0.381006099026 0.381007728507 0.381209133161
0.393138460316 0.392914205698 0.392914219917 0.393121918572 0.393121905403 0.392914206748 0.392914219917 0.393121918572 0.393121905403 0.392914206748 0.392914219917 0.393121918572 0.393121905403 0.392914206748 0.392914219917 0.393121918572 0.393121905403 0.392914206748 0.392914219917 0.393121918572 0.393121905403 0.392914206748 0.392914219917 0.419207360231
0.404841879546 0.404820710087 0.404820711429 0.431910613571 0.404818980215 0.404820711539 0.405034703984 0.405034690415 0.404820697861 0.40482071143 0.431910613571 0.404818980215 0.404820711539 0.404820711429 0.405034703984 0.405034690415 0.404820697861 0.40482071143 0.405034703984 0.405034690415 0.404820697861 0.40482071143 0.405034703984 0.405034690415
0.416750037786 0.416727201494 0.416727202941 0.444613866912 0.41672542081 0.416727203054 0.416727202941 0.444613866912 0.41672542081 0.416727203054 0.416727202941 0.444613866912 0.41672542081 0.416727203054 0.416727202941 0.444613866912 0.41672542081 0.416727203054 0.416947489395 0.416947475428 0.416727188975 0.416727202942 0.416727202941 0.416947489395
0.428876815353 0.428633679039 0.428633694455 0.457317120252 0.428631861404 0.42863369457 0.428633694454 0.428633680088 0.428633680088 0.428633694455 0.428860274806 0.42886026044 0.428633680088 0.428633694455 0.428633694454 0.457317120252 0.428631861404 0.428860274922 0.42886026044 0.428633680088 0.428633694455 0.428633694454 0.428860274806 0.42886026044
0.440563020013 0.440540184519 0.440540185967 0.470020373593 0.440538301999 0.440540186086 0.440773060218 0.440773045452 0.440540171202 0.440540185968 0.470020373593 0.440538301999 0.440540186086 0.470020373592 0.440538301999 0.440540186086 0.440773060218 0.440773045452 0.440540171202 0.440773060218 0.440773045452 0.440540171202 0.440540185968 0.470020373593
0.452467641924 0.45244667615 0.452685845629 0.452685830464 0.452446662316 0.45244667748 0.452685830464 0.452446662316 0.45244667748 0.452446677479 0.452685830464 0.452446662316 0.45268584563 0.452685830464 0.452446662316 0.45244667748 0.452685845629 0.452685830464 0.452446662316 0.45244667748 0.482723626933 0.452444742593 0.452446677602 0.452446677479
0.464621479852 0.464598614427 0.464353153429 0.464353168993 0.464353153428 0.464353153429 0.464353168993 0.464353153428 0.464353153429 0.464353168993 0.495426880273 0.464351183188 0.464353169118 0.464353168992 0.495426880273 0.464351183188 0.464353169118 0.464353168992 0.495426880273 0.464351183188 0.464353169118 0.495426880273 0.464351183188 0.464353169118
0.476282508917 0.508130132165 0.476257623783 0.476259660634 0.476259660504 0.508130133614 0.476257623783 0.476259660634 0.476259660504 0.508130133614 0.476257623783 0.476259660634 0.508130133614 0.476257623783 0.476259660634 0.476511416451 0.476511400489 0.476259644543 0.476511416452 0.476511400489 0.476259644543 0.476259660505 0.476511400489 0.476259644543
0.48818900043 0.520833385505 0.488164064377 0.488166152149 0.520833386954 0.488164064377 0.488166152149 0.488166152017 0.520833386954 0.488164064377 0.488166152149 0.488166152017 0.520833386954 0.488164064377 0.488166152149 0.488424201863 0.488424185501 0.488166135656 0.488166152018 0.488424201863 0.488424185501 0.488166135656 0.488166152018 0.488424201863
0.500353525426 0.50007262572 0.500336987275 0.500336970513 0.50007262677 0.500072643531 0.500336987274 0.500336970513 0.50007262677 0.500072643531 0.533536640294 0.500070504972 0.500072643665 0.50007264353 0.500336970513 0.50007262677 0.500072643531 0.533536640294 0.500070504972 0.500072643665 0.533536640294 0.500070504972 0.500072643665 0.50007264353
0.546262742446 0.511976944517 0.511979135181 0.546239893635 0.511976945566 0.511979135181 0.511979135042 0.512249772685 0.512249755525 0.511979117883 0.511979135043 0.546239893635 0.511976945566 0.511979135181 0.511979135042 0.512249772685 0.512249755525 0.511979117883 0.511979135043 0.512249772685 0.512249755525 0.511979117883 0.511979135043 0.546239893635
0.523906285491 0.523885625245 0.523885626555 0.558943146975 0.523883386161 0.523885626697 0.524162558097 0.524162540538 0.523885608997 0.523885626556 0.523885626555 0.558943146975 0.523883386161 0.523885626697 0.524162558097 0.524162540538 0.523885608997 0.524162558098 0.524162540538 0.523885608997 0.523885626556 0.524162558097 0.524162540538 0.523885608997
0.535814966481 0.536075342059 0.53607532555 0.535792100111 0.535792118069 0.536075343508 0.53607532555 0.535792100111 0.535792118069 0.571646400315 0.535789826755 0.535792118213 0.536075343508 0.53607532555 0.535792100111 0.535792118069 0.571646400315 0.535789826755 0.535792118213 0.536075343508 0.53607532555 0.535792100111 0.535792118069 0.535792100109
0.547721440036 0.547698608132 0.547988128919 0.547988110562 0.547698591224 0.547698609581 0.584349653656 0.54769626735 0.547698609729 0.547988128919 0.547988110562 0.547698591224 0.547698609581 0.584349653656 0.54769626735 0.547698609729 0.584349653656 0.54769626735 0.547698609729 0.547988128919 0.547988110562 0.547698591224 0.547698609581 0.584349653656
0.559625607275 0.559605099792 0.55990091433 0.559900895574 0.559605082338 0.559605101094 0.597052906996 0.559602707944 0.559605101244 0.55990091433 0.559900895574 0.559605082338 0.559605101094 0.55990091433 0.559900895574 0.559605082338 0.559900914332 0.559900895574 0.559605082338 0.559605101094 0.559605101093 0.597052906996 0.559602707944 0.559605101244
0.571836548553 0.571813679537 0.571511573451 0.571813699743 0.571813680586 0.571511573451 0.571511592606 0.609756160336 0.571509148539 0.57151159276 0.609756160336 0.571509148539 0.57151159276 0.571813699742 0.571813680586 0.571511573451 0.571511592606 0.571813699742 0.571813680586 0.571511573451 0.571511592606 0.571511592605 0.609756160336 0.571509148539
0.583440932685 0.583418082669 0.583726465599 0.583418064565 0.583418084119 0.583726485153 0.583726465599 0.583418064565 0.583418084119 0.583726485153 0.583726465599 0.583418064565 0.583418084119 0.622459413677 0.583415589134 0.583418084276 0.622459413677 0.583415589134 0.583418084276 0.583726485153 0.583726465599 0.583418064565 0.583418084119 0.583726485153
0.595655805524 0.595324554629 0.595324575632 0.595639270564 0.595639250611 0.595324555678 0.595324575632 0.59532457563 0.595639250611 0.595324555678 0.595324575632 0.595639270564 0.595639250611 0.595324555678 0.595324575632 0.635162667017 0.595322029728 0.595324575792 0.59532457563 0.635162667017 0.595322029728 0.595324575792 0.59532457563 0.595639270564
0.607568590536 0.607231045742 0.607231067144 0.647865920357 0.607228470323 0.607231067308 0.607552055976 0.607552035623 0.607231046792 0.607231067144 0.607552055976 0.607552035623 0.607231046792 0.607231067144 0.607552035623 0.607231046792 0.607231067144 0.607231067143 0.647865920357 0.607228470323 0.607231067308 0.607231067143 0.607552035623 0.607231046792
0.619160407069 0.619137557207 0.660569173698 0.619134910917 0.619137558824 0.619464841387 0.619464820635 0.619137537906 0.619137558657 0.619464841387 0.619464820635 0.619137537906 0.619137558657 0.660569173698 0.619134910917 0.619137558824 0.619137558656 0.619464841387 0.619464820635 0.619137537906 0.619464841388 0.619464820635 0.619137537906 0.619137558657
0.63140047561 0.631377604598 0.631044029019 0.63104405017 0.673272427038 0.631041351512 0.631044050339 0.631377626798 0.631377605648 0.631044029019 0.631377626799 0.631377605648 0.631044029019 0.63104405017 0.673272427038 0.631041351512 0.631044050339 0.631377626798 0.631377605648 0.631044029019 0.631377626799 0.631377605648 0.631044029019 0.63104405017
0.68599852919 0.642947791057 0.642950541855 0.642950541681 0.643290412209 0.64329039066 0.642950520133 0.643290412211 0.64329039066 0.642950520133 0.642950541682 0.685975680378 0.642947792106 0.642950541855 0.685975680378 0.642947792106 0.642950541855 0.643290412209 0.64329039066 0.642950520133 0.642950541682 0.643290412209 0.64329039066 0.642950520133
0.654879881607 0.69867893227 0.654854232701 0.654857033371 0.655203197621 0.655203175672 0.654857011246 0.654857033195 0.698678933719 0.654854232701 0.654857033371 0.654857033194 0.698678933719 0.654854232701 0.654857033371 0.654857033194 0.655203175672 0.654857011246 0.654857033195 0.698678933719 0.654854232701 0.654857033371 0.655203197621 0.655203175672
0.666786351171 0.666763523259 0.711382187059 0.666760673296 0.666763524887 0.666763524706 0.711382187059 0.666760673296 0.666763524887 0.666763524706 0.711382187059 0.666760673296 0.666763524887 0.666763524706 0.711382187059 0.666760673296 0.666763524887 0.667115983032 0.667115960684 0.66676350236 0.666763524708 0.711382187059 0.666760673296 0.666763524887
0.678692864631 0.724085438951 0.67866711389 0.678670016403 0.679028768443 0.679028745696 0.678669993473 0.67867001622 0.724085440399 0.67866711389 0.678670016403 0.679028768443 0.679028745696 0.678669993473 0.67867001622 0.679028768443 0.679028745696 0.678669993473 0.67867001622 0.724085440399 0.67866711389 0.678670016403 0.679028768443 0.679028745696
0.690599333398 0.690576506284 0.73678869374 0.690573554485 0.690576507919 0.690941553855 0.690941530709 0.690576484587 0.690576507733 0.73678869374 0.690573554485 0.690576507919 0.690576507731 0.73678869374 0.690573554485 0.690576507919 0.690941553855 0.690941530709 0.690576484587 0.690576507733 0.73678869374 0.690573554485 0.690576507919 0.690941553855
0.702870870634 0.702482974651 0.702854339267 0.702854315721 0.702482975701 0.702482999245 0.74949194708 0.702479995079 0.702482999434 0.702854339266 0.702854315721 0.702482975701 0.702482999245 0.702854339266 0.702854315721 0.702482975701 0.702482999245 0.702854339266 0.702854315721 0.702482975701 0.702482999245 0.702854339266 0.702854315721 0.702482975701
0.714412339171 0.762195198972 0.714386435674 0.71438949095 0.714389490757 0.76219520042 0.714386435674 0.71438949095 0.714389490757 0.714767124677 0.714767100733 0.714389466814 0.714389490758 0.76219520042 0.714386435674 0.71438949095 0.714767124677 0.714767100733 0.714389466814 0.714389490758 0.714767124677 0.714767100733 0.714389466814 0.714389490758
0.726696440658 0.726295956878 0.726295982271 0.726295982269 0.774898453761 0.726292876268 0.726295982466 0.726679910088 0.726679885745 0.726295957928 0.726295982271 0.726679910088 0.726679885745 0.726295957928 0.72667991009 0.726679885745 0.726295957928 0.726295982271 0.726295982269 0.774898453761 0.726292876268 0.726295982466 0.726679910088 0.726679885745
0.738225297853 0.738202472335 0.787601707101 0.738199316863 0.738202473982 0.738202473782 0.787601707101 0.738199316863 0.738202473982 0.738202473782 0.787601707101 0.738199316863 0.738202473982 0.7385926955 0.738592670757 0.738202449041 0.738202473783 0.787601707101 0.738199316863 0.738202473982 0.7385926955 0.738592670757 0.738202449041 0.738202473783
0.800327809253 0.750105756408 0.750108965498 0.750108965294 0.800304960441 0.750105757457 0.750108965498 0.750505480911 0.75050545577 0.750108940155 0.750108965296 0.750505480911 0.75050545577 0.750108940155 0.750108965296 0.800304960441 0.750105757457 0.750108965498 0.750505480911 0.75050545577 0.750108940155 0.750108965296 0.800304960441 0.750105757457
0.762038305423 0.762015455358 0.762418266322 0.762418240782 0.762015431268 0.762418266324 0.762418240782 0.762015431268 0.762015456809 0.813008213782 0.762012198052 0.762015457014 0.762015456807 0.813008213782 0.762012198052 0.762015457014 0.762418266322 0.762418240782 0.762015431268 0.762015456809 0.813008213782 0.762012198052 0.762015457014 0.762418266322
0.774347580707 0.773921921332 0.773921948321 0.825711467122 0.773918638647 0.773921948529 0.774331051733 0.774331025794 0.773921922382 0.773921948321 0.825711467122 0.773918638647 0.773921948529 0.77392194832 0.825711467122 0.773918638647 0.773921948529 0.774331051733 0.774331025794 0.773921922382 0.773921948321 0.825711467122 0.773918638647 0.773921948529
0.785851288245 0.838414719014 0.785825079241 0.785828440045 0.785828439832 0.838414720462 0.785825079241 0.785828440045 0.786243837145 0.786243810806 0.785828413496 0.785828439834 0.786243837145 0.786243810806 0.785828413495 0.786243837146 0.786243810806 0.785828413495 0.785828439834 0.838414720462 0.785825079241 0.785828440045 0.786243837145 0.786243810806
0.797757753421 0.797734929898 0.798156622556 0.798156595819 0.797734904609 0.797734931347 0.798156622556 0.798156595819 0.797734904609 0.798156622558 0.798156595819 0.797734904609 0.797734931347 0.851117973803 0.797731519836 0.797734931561 0.797734931345 0.851117973803 0.797731519836 0.797734931561 0.798156622556 0.798156595819 0.797734904609 0.797734931347
0.863844075954 0.809637959381 0.809641423077 0.863821227143 0.80963796043 0.809641423077 0.809641422857 0.863821227143 0.80963796043 0.809641423077 0.810069407967 0.810069380831 0.809641395723 0.809641422859 0.863821227143 0.80963796043 0.809641423077 0.809641422857 0.863821227143 0.80963796043 0.809641423077 0.810069407967 0.810069380831 0.809641395723
0.822005042192 0.821982164793 0.821547886836 0.821547914372 0.876524480483 0.821544401025 0.821547914593 0.821982193379 0.821982165843 0.821547886836 0.821547914372 0.876524480483 0.821544401025 0.821547914593 0.82154791437 0.876524480483 0.821544401025 0.821547914593 0.82154791437 0.876524480483 0.821544401025 0.821547914593 0.821982193379 0.821982165843
0.833477226761 0.833454404436 0.83389497879 0.833894950855 0.83345437795 0.833454405884 0.83389497879 0.833894950855 0.83345437795 0.833454405884 0.83389497879 0.833894950855 0.83345437795 0.833454405884 0.83389497879 0.833894950855 0.83345437795 0.833454405884 0.889227733824 0.833450841619 0.833454406109 0.833454405883 0.83389497879 0.833894950855
0.845383717875 0.845360895948 0.845807764201 0.845807735867 0.845360869063 0.845360897397 0.901930987164 0.845357282214 0.845360897625 0.845360897395 0.901930987164 0.845357282214 0.845360897625 0.845807764201 0.845807735867 0.845360869063 0.845360897397 0.845807764201 0.845807735867 0.845360869063 0.845360897397 0.901930987164 0.845357282214 0.845360897625
0.857743398424 0.85772051983 0.857267360177 0.85726738891 0.914634240504 0.857263722809 0.85726738914 0.857720549612 0.85772052088 0.857267360177 0.85726738891 0.914634240504 0.857263722809 0.85726738914 0.857720549612 0.85772052088 0.857267360177 0.85726738891 0.914634240504 0.857263722809 0.85726738914 0.857720549612 0.85772052088 0.857267360177
0.869196728835 0.927337492396 0.869170163403 0.869173880656 0.869173880421 0.927337493845 0.869170163403 0.869173880656 0.869173880421 0.927337493845 0.869170163403 0.869173880656 0.869633335024 0.869633305892 0.86917385129 0.869173880422 0.927337493845 0.869170163403 0.869173880656 0.869633335024 0.869633305892 0.86917385129 0.869173880422 0.927337493845
0.881099503328 0.88108037072 0.881546120435 0.881546090904 0.881080342404 0.881080371935 0.881080371933 0.881546120435 0.881546090904 0.881080342404 0.881080371935 0.881546120435 0.881546090904 0.881080342404 0.881080371935 0.881546120435 0.881546090904 0.881080342404 0.881080371935 0.940040747185 0.881076603998 0.881080372172 0.881080371933 0.940040747185
0.893005943923 0.892986862236 0.892986863446 0.892986833516 0.892986833518 0.892986863448 0.893458905846 0.893458875916 0.892986833518 0.892986863448 0.893458905846 0.893458875916 0.892986833518 0.892986863448 0.952744000525 0.892983044592 0.892986863688 0.892986863446 0.952744000525 0.892983044592 0.892986863688 0.892986863446 0.952744000525 0.892983044592
0.904916203613 0.90489335351 0.905371691258 0.905371660929 0.904893324631 0.90489335496 0.905371691258 0.905371660929 0.904893324631 0.90489335496 0.965447253866 0.904889485187 0.904893355204 0.904893354958 0.965447253866 0.904889485187 0.904893355204 0.904893354958 0.905371691258 0.905371660929 0.904893324631 0.90489335496 0.965447253866 0.904889485187
0.916822695129 0.91728447522 0.917284445941 0.916799815745 0.916799846473 0.978150507206 0.916795925781 0.91679984672 0.916799846471 0.978150507206 0.916795925781 0.91679984672 0.978150507206 0.916795925781 0.91679984672 0.917284476669 0.917284445941 0.916799815745 0.916799846473 0.978150507206 0.916795925781 0.91679984672 0.917284476669 0.917284445941
0.92872915567 0.928706336537 0.92919726208 0.929197230953 0.928706306858 0.928706337986 0.990853760546 0.928702366376 0.928706338235 0.928706337984 0.990853760546 0.928702366376 0.928706338235 0.928706337984 0.990853760546 0.928702366376 0.928706338235 0.92919726208 0.929197230953 0.928706306858 0.928706337986 0.928706337984 0.929197230953 0.928706306858
0.940635677911 1.00355701244 0.940608806971 0.940612829751 0.941110047491 0.941110015965 0.940612797972 0.940612829498 0.94061279797 0.940612797972 0.940612829498 0.940612829496 0.941110015965 0.940612797972 0.940612829498 1.00355701389 0.94060880697 0.940612829751 1.00355701389 0.94060880697 0.940612829751 0.941110047491 0.941110015965 0.940612797972
0.952542169423 0.953022831454 0.953022800977 0.952519289085 0.952519321011 1.01626026723 0.952515247565 0.952519321267 0.953022832903 0.953022800977 0.952519289085 0.952519321011 0.953022832903 0.953022800977 0.952519289085 0.952519321011 1.01626026723 0.952515247565 0.952519321267 0.952519321009 1.01626026723 0.952515247565 0.952519321267 0.953022832903
0.964952140902 0.964425779149 0.964425812524 1.02896352057 0.96442168816 0.964425812783 0.964935618314 0.96493558599 0.964425780199 0.964425812523 0.964935618314 0.96493558599 0.964425780199 0.964425812523 0.964935618314 0.96493558599 0.964425780199 0.964425812523 1.02896352057 0.96442168816 0.964425812783 0.964425812521 1.02896352057 0.96442168816
0.976355152708 0.976848402277 0.976848371002 0.976332271313 0.976332304036 1.04166677391 0.976328128754 0.976332304299 0.976332304034 0.976848403725 0.976848371002 0.976332271313 0.976332304036 1.04166677391 0.976328128754 0.976332304299 0.976848403725 0.976848371002 0.976332271313 0.976332304036 0.976848371002 0.976332271313 0.976332304036 0.976332304034
1.05439287606 0.988234568299 0.988238795815 0.988761189137 0.988761156014 0.988238762426 0.988238795549 1.05437002725 0.988234569349 0.988238795815 0.988238795547 1.05437002725 0.988234569349 0.988238795815 0.988761189137 0.988761156014 0.988238762426 0.988238795549 1.05437002725 0.988234569349 0.988238795815 0.988761189137 0.988761156014 0.988238762426
1.00016813547 1.0006739731 1.00067394103 1.00014525354 1.00014528706 1.00067397455 1.00067394103 1.00014525354 1.00014528706 1.06707328059 1.00014100994 1.00014528733 1.06707328059 1.00014100994 1.00014528733 1.00014528706 1.06707328059 1.00014100994 1.00014528733 1.00014528706 1.00067397455 1.00067394103 1.00014525354 1.00014528706
1.01207462698 1.07977653248 1.01204745054 1.01205177885 1.01205177857 1.07977653393 1.01204745054 1.01205177885 1.01205177857 1.01258675996 1.01258672604 1.01205174465 1.01205177857 1.01258675996 1.01258672604 1.01205174465 1.01205177857 1.07977653393 1.01204745054 1.01205177885 1.01205177857 1.01258675996 1.01258672604 1.01205174465
1.02452239418 1.02449951 1.02395823577 1.02395827009 1.02449954537 1.02449951105 1.02395823577 1.02395827009 1.02449954537 1.02449951105 1.02395823577 1.02395827009 1.09247978727 1.02395389113 1.02395827036 1.02395827008 1.09247978727 1.02395389113 1.02395827036 1.02395827008 1.02449951105 1.02395823577 1.02395827009 1.02449954537
1.03642885098 1.03586472583 1.0358647616 1.03641233078 1.03641229606 1.03586472688 1.0358647616 1.03641233078 1.03641229606 1.03586472688 1.0358647616 1.10518304061 1.03586033173 1.03586476188 1.03641233078 1.03641229606 1.03586472688 1.0358647616 1.10518304061 1.03586033173 1.03586476188 1.0358647616 1.10518304061 1.03586033173
1.0477941018 1.04777125166 1.04832511619 1.04832508108 1.04777121799 1.04777125311 1.04832511619 1.04832508108 1.04777121799 1.04777125311 1.11788629395 1.04776677232 1.04777125339 1.04777125311 1.11788629395 1.04776677232 1.04777125339 1.04777125311 1.04832511619 1.04832508108 1.04777121799 1.04777125311 1.11788629395 1.04776677232
1.05970059332 1.06023790016 1.06023786609 1.05967770911 1.05967774462 1.13058954729 1.05967321292 1.05967774491 1.13058954729 1.05967321292 1.05967774491 1.0602379016 1.06023786609 1.05967770911 1.05967774462 1.0602379016 1.06023786609 1.05967770911 1.05967774462 1.13058954729 1.05967321292 1.05967774491 1.0602379016 1.06023786609
1.07160704903 1.07158423469 1.07215068702 1.0721506511 1.07158420022 1.07158423614 1.14329280063 1.07157965351 1.07158423643 1.07158423613 1.14329280063 1.07157965351 1.07158423643 1.07158423613 1.14329280063 1.07157965351 1.07158423643 1.07158423613 1.14329280063 1.07157965351 1.07158423643 1.07158423613 1.14329280063 1.07157965351
1.08351357635 1.08406347098 1.08406343611 1.08349069133 1.08406347243 1.08406343611 1.08349069133 1.08349072765 1.15599605397 1.08348609411 1.08349072794 1.08349072765 1.08406343611 1.08349069133 1.08349072765 1.15599605397 1.08348609411 1.08349072794 1.08349072765 1.15599605397 1.08348609411 1.08349072794 1.08406347243 1.08406343611
1.09542003126 1.09539721771 1.09597622112 1.09539718245 1.09539721916 1.16869930731 1.0953925347 1.09539721946 1.09597625784 1.09597622112 1.09539718245 1.09539721916 1.09597622112 1.09539718245 1.09539721916 1.16869930731 1.0953925347 1.09539721946 1.16869930731 1.0953925347 1.09539721946 1.09539721916 1.16869930731 1.0953925347
1.10732655938 1.10730370922 1.18140256065 1.10729897529 1.10730371097 1.10788904325 1.10788900614 1.10730367356 1.10730371068 1.18140256065 1.10729897529 1.10730371097 1.10788904325 1.10788900614 1.10730367356 1.10730371068 1.18140256065 1.10729897529 1.10730371097 1.10730371067 1.18140256065 1.10729897529 1.10730371097 1.10788904325
1.11981834606 1.11921016363 1.11921020219 1.11980182866 1.11980179115 1.11921016468 1.11921020219 1.19410581399 1.11920541589 1.11921020249 1.11921020219 1.19410581399 1.11920541589 1.11921020249 1.11980182866 1.11980179115 1.11921016468 1.11921020219 1.19410581399 1.11920541589 1.11921020249 1.11980182866 1.11980179115 1.11921016468
1.13113954211 1.20680906588 1.13111185648 1.131116694 1.1311166937 1.20680906733 1.13111185648 1.131116694 1.1311166937 1.20680906733 1.13111185648 1.131116694 1.13171461407 1.13171457616 1.13111665579 1.1311166937 1.13171461407 1.13171457616 1.13111665579 1.1311166937 1.13171457616 1.13111665579 1.1311166937 1.20680906733
1.14304119641 1.14302318407 1.14362739948 1.14362736117 1.1430231469 1.14302318521 1.14302318521 1.21951232067 1.14301829708 1.14302318552 1.14302318521 1.1430231469 1.1430231469 1.14302318521 1.21951232067 1.14301829708 1.14302318552 1.14302318521 1.21951232067 1.14301829708 1.14302318552 1.14362739948 1.14362736117 1.1430231469
1.15495252514 1.23221557256 1.15492473767 1.15492967704 1.23221557401 1.15492473767 1.15492967704 1.15554018489 1.15554014619 1.15492963802 1.15492967673 1.23221557401 1.15492473767 1.15492967704 1.15554018489 1.15554014619 1.15492963802 1.15492967673 1.23221557401 1.15492473767 1.15492967704 1.15554018489 1.15554014619 1.15492963802
1.16685901665 1.16745296886 1.1674529312 1.16683612913 1.16683616824 1.24491882735 1.16683117827 1.16683616855 1.16745297031 1.1674529312 1.16683612913 1.16683616824 1.24491882735 1.16683117827 1.16683616855 1.16745297031 1.1674529312 1.16683612913 1.16683616824 1.24491882735 1.16683117827 1.16683616855 1.16745297031 1.1674529312
1.17876546905 1.1787426583 1.17874265975 1.25762208069 1.17873761886 1.17874266007 1.17936575572 1.17936571621 1.17874262024 1.17874265975 1.25762208069 1.17873761886 1.17874266007 1.25762208069 1.17873761886 1.17874266007 1.17936575572 1.17936571621 1.17874262024 1.17874265975 1.25762208069 1.17873761886 1.17874266007 1.17936575572
1.19129505613 1.19064911031 1.19064915126 1.27032533403 1.19064405946 1.19064915158 1.19127854113 1.19127850122 1.19064911136 1.19064915126 1.27032533403 1.19064405946 1.19064915158 1.27032533403 1.19064405946 1.19064915158 1.19064915126 1.27032533403 1.19064405946 1.19064915158 1.19127854113 1.19127850122 1.19064911136 1.19064915126
