5 10 15 20 25 30 35 40 45 50 55 60 65 70 75 80 85 90 95 100
15.2171767042 16.2308812055 15.2163477038 15.2163478191 15.2166896558 15.2166896558 15.216347819 15.2163478191 16.2308812056 15.2163477038 15.2163478191 15.2163478191 15.2166896558 15.2166896558 15.216347819 15.2166896558
30.4338648286 30.432695638 30.4326956381 30.4333793116 30.4333793115 30.4326956381 30.4326956381 32.4617624111 30.4326954075 30.4326956381 32.4617624111 30.4326954075 30.4326956381 30.4326956381 30.4333793115 30.4326956381
45.6498708109 48.6926436166 45.6490431113 45.6490434572 45.6490434572 48.6926436167 45.6490431113 45.6490434572 45.6490434572 48.6926436167 45.6490431113 45.6490434572 45.6490434572 48.6926436167 45.6490431113 45.6490434572
60.8675859769 60.866758623 60.8653912761 60.8653912763 60.8667586232 60.866758623 60.8653912761 60.8653912763 64.9235248222 60.8653908151 60.8653912763 60.8653912763 60.8667586232 60.866758623 60.8653912761 60.8653912763
81.1552333815 76.0817385188 76.0817390953 76.0817390953 76.083448279 76.0834482788 76.0817390952 76.0817390953 76.083448279 76.0834482788 76.0817390952 76.0817390953 81.1544060278 76.0817385189 76.0817390953 76.083448279
91.3006234516 91.2980869141 91.2980869144 91.3001379348 91.3001379345 91.2980869142 91.3001379348 91.3001379345 91.2980869142 91.2980869144 97.3852872333 91.2980862226 91.2980869144 91.3001379348 91.3001379345 91.2980869142
106.517654944 106.51682759 106.514434733 106.514434733 113.616168439 106.514433926 106.514434733 106.514434733 106.516827591 106.51682759 106.514434733 106.514434733 113.616168439 106.514433926 106.514434733 106.514434733
121.734002763 121.730782552 121.730782553 121.730782553 129.847049644 121.73078163 121.730782553 121.730782553 129.847049644 121.73078163 121.730782553 121.733517246 121.733517246 121.730782552 121.730782553 129.847049644
136.947956803 136.947130372 136.947130372 146.07793085 136.947129334 136.947130372 136.950206902 136.950206902 136.947130371 136.947130372 136.950206902 136.950206902 136.947130371 136.947130372 136.950206902 136.950206902
152.164305544 152.163478191 152.166896558 152.166896558 152.16347819 152.163478191 162.308812056 152.163477038 152.163478191 152.166896558 152.166896558 152.16347819 152.163478191 152.166896558 152.166896558 152.16347819
167.380653363 167.383586214 167.383586213 167.379826009 167.37982601 167.383586214 167.383586213 167.379826009 167.37982601 178.539693261 167.379824742 167.37982601 167.37982601 178.539693261 167.379824742 167.37982601
182.597001183 194.770574467 182.596172445 182.596173829 194.770574467 182.596172445 182.596173829 182.60027587 182.600275869 182.596173828 182.60027587 182.600275869 182.596173828 182.596173829 194.770574467 182.596172445
197.813349002 197.812521648 211.001455672 197.812520149 197.812521648 197.812521648 211.001455672 197.812520149 197.812521648 197.812521648 197.816965525 197.816965525 197.812521647 197.812521648 197.816965525 197.816965525
213.02969682 213.028869467 213.033655181 213.033655181 213.028869466 213.028869467 213.033655181 213.033655181 213.028869466 213.028869467 227.232336878 213.028867853 213.028869467 213.028869467 213.033655181 213.033655181
228.246044639 228.245217286 228.250344837 228.250344836 228.245217285 228.245217286 243.463218083 228.245215557 228.245217286 243.463218083 228.245215557 228.245217286 243.463218083 228.245215557 228.245217286 228.250344837
243.467520009 243.461565104 243.461565105 243.467034493 243.467034492 243.461565104 243.461565105 243.467034493 243.467034492 243.461565104 243.461565105 259.694099289 243.46156326 243.461565105 243.461565105 259.694099289
258.678738433 258.677912924 258.683724148 258.683724148 258.677912924 258.677912924 258.683724148 258.683724148 258.677912924 258.677912924 258.683724148 258.683724148 258.677912924 258.677912924 258.683724148 258.683724148
273.895088096 273.894260743 273.894260743 292.1558617 273.894258668 273.894260743 273.900413804 273.900413804 273.894260743 273.894260743 292.1558617 273.894258668 273.894260743 273.894260743 292.1558617 273.894258668
289.111435916 308.386742905 289.110606372 289.110608562 289.110608562 308.386742906 289.110606372 289.110608562 289.110608562 308.386742906 289.110606372 289.110608562 289.110608562 308.386742906 289.110606372 289.110608562
324.618451465 304.326954075 304.326956381 304.326956381 304.333793116 304.333793115 304.326956381 304.326956381 304.333793116 304.333793115 304.326956381 304.326956381 324.617624111 304.326954075 304.326956381 324.617624111
